0.2322
4.3189
5.8746
6.2926
6.5712
6.9892
7.3143
7.7090
8.1734
8.4753
8.8468
9.3112
9.6363
9.7292
10.1007
10.3793
10.8669
11.2385
11.6100
11.7493
12.0047
12.3762
12.7013
13.0961
13.4444
13.8159
14.1874
14.2803
14.5589
14.9072
15.3020
15.7199
16.0218
16.4862
16.6255
16.8809
17.2524
17.6239
18.0187
18.2973
18.7617
19.0636
19.5280
19.8298
20.2942
20.6193
21.0605
21.3624
21.8500
22.1286
22.6162
22.9878
23.3593
23.7308
24.1023
24.4274
24.7757
25.1704
25.6348
25.9135
26.2850
26.7029
27.1441
27.4692
27.8407
28.0265
28.3283
28.6070
29.0714
29.4429
29.8144
30.0466
30.6039
30.9986
31.3469
31.6720
32.1364
32.4847
32.8562
33.1581
33.6689
34.0405
34.3888
34.7138
35.2015
35.4801
35.9445
36.1999
36.7107
37.0823
37.5002
38.6148
38.8934
39.2882
39.6597
40.0080
40.4724
40.7975
41.2619
41.5637
42.0049
42.3068
42.7944
43.0730
43.4678
43.8161
44.3037
44.5823
45.0003
45.3254
45.8130
46.0916
46.4631
46.9507
47.3687
47.7170
48.1117
48.2511
48.4833
48.5994
48.8548
49.1334
49.2495
49.5514
49.8765
50.0158
50.1551
50.3641
50.7356
51.0142
51.3858
51.8734
52.1288
52.6164
52.9415
53.1737
53.4059
53.7774
54.1489
54.4508
54.9616
55.3332
55.6350
56.0994
56.4013
56.8657
57.1443
57.5158
58.0499
58.4214
58.7000
59.1644
59.3038
59.5592
59.9307
60.3254
60.7202
61.1149
61.2542
61.4864
61.8115
62.2759
62.5778
63.0422
63.3208
63.6691
64.1800
64.5747
64.8533
65.3177
65.6893
66.0608
66.4555
66.7341
67.2218
67.5236
67.6397
67.9880
68.1273
68.3828
68.7543
69.0329
69.4277
69.7760
70.2636
70.5422
70.6583
71.0298
71.4014
71.8193
72.0747
72.5624
72.9571
73.2357
73.6073
73.9788
74.8379
75.1398
75.5113
75.9060
76.2543
76.6259
76.7652
77.1135
77.4850
77.8101
78.1351
78.5995
79.6909
80.4571
81.0144
81.1537
81.2234
81.3395
81.4092
81.5485
81.6878
81.8736
81.9897
82.2219
82.7559
83.0113
83.2435
83.5454
84.1491
84.2420
84.3117
85.0547